2, (549, 440, 592, 565, 'person', 1)
2, (1382, 456, 1425, 590, 'person', 2)
2, (194, 541, 235, 684, 'person', 3)
2, (1734, 550, 1795, 686, 'person', 4)
2, (82, 205, 113, 282, 'person', 5)
2, (1359, 216, 1393, 306, 'person', 6)
3, (549, 440, 591, 565, 'person', 1)
3, (1382, 454, 1425, 589, 'person', 2)
3, (195, 542, 236, 683, 'person', 3)
3, (1733, 550, 1795, 686, 'person', 4)
3, (82, 205, 113, 283, 'person', 5)
3, (1359, 216, 1393, 306, 'person', 6)
4, (548, 440, 591, 565, 'person', 1)
4, (1382, 455, 1425, 589, 'person', 2)
4, (195, 542, 236, 683, 'person', 3)
4, (1734, 550, 1795, 686, 'person', 4)
4, (82, 206, 113, 283, 'person', 5)
4, (1359, 216, 1393, 306, 'person', 6)
5, (548, 440, 591, 565, 'person', 1)
5, (1382, 455, 1425, 589, 'person', 2)
5, (196, 542, 237, 683, 'person', 3)
5, (1734, 550, 1795, 686, 'person', 4)
5, (82, 206, 113, 284, 'person', 5)
5, (1359, 216, 1393, 306, 'person', 6)
5, (902, 178, 1039, 261, 'truck', 8)
6, (548, 440, 591, 565, 'person', 1)
6, (1382, 455, 1425, 590, 'person', 2)
6, (196, 542, 237, 683, 'person', 3)
6, (1734, 550, 1795, 686, 'person', 4)
6, (82, 206, 113, 284, 'person', 5)
6, (1359, 216, 1393, 306, 'person', 6)
6, (902, 178, 1039, 261, 'truck', 8)
7, (548, 440, 591, 565, 'person', 1)
7, (1382, 455, 1425, 590, 'person', 2)
7, (197, 542, 238, 681, 'person', 3)
7, (1734, 550, 1795, 686, 'person', 4)
7, (82, 205, 113, 283, 'person', 5)
7, (1358, 216, 1392, 306, 'person', 6)
7, (903, 179, 1038, 261, 'truck', 8)
8, (548, 440, 591, 565, 'person', 1)
8, (1382, 454, 1425, 589, 'person', 2)
8, (198, 543, 239, 680, 'person', 3)
8, (1734, 550, 1795, 686, 'person', 4)
8, (82, 205, 113, 282, 'person', 5)
8, (1359, 219, 1392, 307, 'person', 6)
8, (903, 179, 1038, 260, 'truck', 8)
9, (548, 440, 591, 565, 'person', 1)
9, (1382, 454, 1425, 589, 'person', 2)
9, (198, 543, 239, 679, 'person', 3)
9, (1734, 550, 1795, 686, 'person', 4)
9, (83, 205, 112, 282, 'person', 5)
9, (1359, 220, 1392, 307, 'person', 6)
9, (903, 179, 1038, 260, 'truck', 8)
10, (548, 440, 591, 565, 'person', 1)
10, (1382, 454, 1425, 589, 'person', 2)
10, (200, 543, 241, 678, 'person', 3)
10, (1734, 550, 1795, 686, 'person', 4)
10, (82, 205, 113, 283, 'person', 5)
10, (1359, 221, 1391, 307, 'person', 6)
10, (904, 179, 1037, 260, 'truck', 8)
11, (548, 440, 591, 565, 'person', 1)
11, (1382, 454, 1425, 589, 'person', 2)
11, (201, 542, 243, 679, 'person', 3)
11, (1734, 550, 1795, 686, 'person', 4)
11, (82, 205, 112, 283, 'person', 5)
11, (1358, 218, 1391, 307, 'person', 6)
12, (548, 440, 590, 565, 'person', 1)
12, (1382, 454, 1425, 590, 'person', 2)
12, (202, 541, 245, 678, 'person', 3)
12, (1734, 550, 1795, 686, 'person', 4)
12, (82, 205, 112, 282, 'person', 5)
12, (1358, 219, 1391, 307, 'person', 6)
12, (902, 180, 1037, 261, 'truck', 8)
12, (1058, 302, 1085, 353, 'person', 9)
13, (549, 440, 590, 565, 'person', 1)
13, (1381, 454, 1425, 589, 'person', 2)
13, (202, 540, 245, 677, 'person', 3)
13, (1734, 549, 1795, 686, 'person', 4)
13, (81, 205, 112, 283, 'person', 5)
13, (1358, 220, 1391, 307, 'person', 6)
13, (902, 180, 1037, 261, 'truck', 8)
13, (1058, 302, 1083, 353, 'person', 9)
14, (548, 440, 590, 564, 'person', 1)
14, (1381, 454, 1425, 590, 'person', 2)
14, (202, 539, 246, 677, 'person', 3)
14, (1733, 549, 1795, 686, 'person', 4)
14, (81, 205, 112, 283, 'person', 5)
14, (1358, 220, 1391, 307, 'person', 6)
14, (901, 180, 1037, 262, 'truck', 8)
14, (1058, 303, 1083, 352, 'person', 9)
15, (548, 441, 590, 564, 'person', 1)
15, (1381, 455, 1424, 590, 'person', 2)
15, (203, 539, 247, 676, 'person', 3)
15, (1733, 549, 1795, 686, 'person', 4)
15, (81, 206, 112, 283, 'person', 5)
15, (1358, 220, 1391, 307, 'person', 6)
15, (901, 180, 1038, 262, 'truck', 8)
15, (1058, 303, 1083, 352, 'person', 9)
16, (548, 441, 590, 564, 'person', 1)
16, (1380, 455, 1424, 590, 'person', 2)
16, (203, 539, 247, 676, 'person', 3)
16, (1733, 549, 1795, 686, 'person', 4)
16, (81, 206, 112, 284, 'person', 5)
16, (1358, 220, 1391, 308, 'person', 6)
16, (901, 180, 1038, 262, 'truck', 8)
16, (1058, 303, 1083, 352, 'person', 9)
17, (548, 441, 589, 564, 'person', 1)
17, (1380, 454, 1425, 591, 'person', 2)
17, (203, 539, 248, 675, 'person', 3)
17, (1733, 549, 1795, 686, 'person', 4)
17, (80, 206, 111, 284, 'person', 5)
17, (1358, 221, 1391, 307, 'person', 6)
17, (900, 179, 1037, 261, 'truck', 8)
17, (1057, 303, 1082, 352, 'person', 9)
18, (548, 441, 589, 564, 'person', 1)
18, (1380, 454, 1425, 591, 'person', 2)
18, (204, 539, 249, 675, 'person', 3)
18, (1733, 549, 1795, 686, 'person', 4)
18, (80, 206, 110, 284, 'person', 5)
18, (1358, 221, 1390, 306, 'person', 6)
18, (900, 179, 1037, 261, 'truck', 8)
18, (1057, 303, 1082, 352, 'person', 9)
19, (548, 441, 589, 564, 'person', 1)
19, (1380, 454, 1425, 591, 'person', 2)
19, (204, 539, 249, 675, 'person', 3)
19, (1733, 549, 1794, 686, 'person', 4)
19, (79, 206, 110, 284, 'person', 5)
19, (1358, 221, 1391, 307, 'person', 6)
19, (1057, 303, 1082, 352, 'person', 9)
19, (1495, 377, 1543, 436, 'person', 10)
20, (548, 441, 589, 564, 'person', 1)
20, (1380, 454, 1425, 591, 'person', 2)
20, (204, 539, 250, 675, 'person', 3)
20, (1733, 549, 1794, 686, 'person', 4)
20, (79, 206, 110, 284, 'person', 5)
20, (1358, 222, 1391, 307, 'person', 6)
20, (1057, 303, 1082, 352, 'person', 9)
20, (1495, 377, 1543, 436, 'person', 10)
21, (548, 441, 589, 564, 'person', 1)
21, (1380, 454, 1425, 591, 'person', 2)
21, (204, 539, 250, 675, 'person', 3)
21, (1733, 549, 1794, 686, 'person', 4)
21, (79, 206, 110, 284, 'person', 5)
21, (1358, 222, 1391, 307, 'person', 6)
21, (1057, 303, 1082, 352, 'person', 9)
21, (1495, 377, 1543, 436, 'person', 10)
22, (547, 440, 590, 565, 'person', 1)
22, (1380, 454, 1425, 591, 'person', 2)
22, (203, 539, 250, 675, 'person', 3)
22, (1733, 549, 1794, 686, 'person', 4)
22, (79, 206, 110, 284, 'person', 5)
22, (1358, 222, 1391, 308, 'person', 6)
22, (1057, 303, 1082, 352, 'person', 9)
22, (1495, 377, 1544, 436, 'person', 10)
23, (547, 441, 590, 565, 'person', 1)
23, (1380, 454, 1425, 592, 'person', 2)
23, (203, 538, 250, 673, 'person', 3)
23, (1733, 549, 1794, 686, 'person', 4)
23, (79, 206, 110, 284, 'person', 5)
23, (1358, 222, 1391, 308, 'person', 6)
23, (1057, 303, 1081, 352, 'person', 9)
23, (1495, 377, 1544, 436, 'person', 10)
24, (547, 441, 589, 565, 'person', 1)
24, (1379, 455, 1425, 592, 'person', 2)
24, (203, 536, 250, 669, 'person', 3)
24, (1733, 549, 1794, 686, 'person', 4)
24, (80, 206, 111, 284, 'person', 5)
24, (1358, 220, 1390, 307, 'person', 6)
24, (901, 179, 1036, 260, 'truck', 8)
24, (1496, 375, 1545, 436, 'person', 10)
25, (546, 441, 589, 566, 'person', 1)
25, (1379, 455, 1424, 592, 'person', 2)
25, (203, 535, 250, 669, 'person', 3)
25, (1733, 549, 1794, 686, 'person', 4)
25, (79, 206, 110, 284, 'person', 5)
25, (1358, 221, 1390, 307, 'person', 6)
25, (901, 179, 1036, 260, 'truck', 8)
25, (1495, 376, 1544, 436, 'person', 10)
26, (546, 442, 589, 566, 'person', 1)
26, (1378, 455, 1424, 593, 'person', 2)
26, (203, 533, 250, 668, 'person', 3)
26, (1733, 549, 1794, 686, 'person', 4)
26, (79, 206, 110, 284, 'person', 5)
26, (1357, 220, 1390, 306, 'person', 6)
26, (1495, 376, 1544, 436, 'person', 10)
27, (546, 442, 589, 566, 'person', 1)
27, (1378, 455, 1425, 593, 'person', 2)
27, (203, 533, 251, 668, 'person', 3)
27, (1733, 549, 1794, 686, 'person', 4)
27, (79, 206, 110, 284, 'person', 5)
27, (1357, 219, 1390, 306, 'person', 6)
27, (1495, 376, 1544, 437, 'person', 10)
28, (546, 441, 588, 565, 'person', 1)
28, (1378, 455, 1424, 592, 'person', 2)
28, (203, 533, 251, 668, 'person', 3)
28, (1733, 549, 1794, 686, 'person', 4)
28, (79, 206, 110, 284, 'person', 5)
28, (1358, 221, 1390, 307, 'person', 6)
28, (1495, 376, 1544, 437, 'person', 10)
29, (547, 441, 588, 564, 'person', 1)
29, (1378, 455, 1424, 592, 'person', 2)
29, (204, 533, 251, 668, 'person', 3)
29, (1733, 549, 1794, 686, 'person', 4)
29, (79, 206, 110, 284, 'person', 5)
29, (1358, 222, 1390, 307, 'person', 6)
29, (901, 179, 1036, 260, 'truck', 8)
29, (1495, 375, 1544, 436, 'person', 10)
30, (547, 441, 588, 564, 'person', 1)
30, (1378, 455, 1424, 592, 'person', 2)
30, (204, 533, 252, 667, 'person', 3)
30, (1733, 549, 1794, 686, 'person', 4)
30, (79, 205, 110, 283, 'person', 5)
30, (1358, 222, 1391, 307, 'person', 6)
30, (901, 179, 1036, 260, 'truck', 8)
30, (1495, 375, 1544, 436, 'person', 10)
31, (547, 441, 588, 564, 'person', 1)
31, (1378, 455, 1425, 592, 'person', 2)
31, (205, 534, 253, 667, 'person', 3)
31, (1733, 549, 1794, 686, 'person', 4)
31, (79, 205, 110, 282, 'person', 5)
31, (1358, 222, 1391, 307, 'person', 6)
31, (901, 179, 1036, 260, 'truck', 8)
31, (1058, 305, 1081, 352, 'person', 9)
31, (1495, 375, 1544, 436, 'person', 10)
32, (547, 441, 588, 564, 'person', 1)
32, (1378, 455, 1425, 592, 'person', 2)
32, (206, 534, 253, 667, 'person', 3)
32, (1733, 549, 1794, 686, 'person', 4)
32, (79, 205, 110, 282, 'person', 5)
32, (1358, 222, 1391, 308, 'person', 6)
32, (900, 179, 1037, 260, 'truck', 8)
32, (1058, 305, 1081, 352, 'person', 9)
32, (1495, 375, 1544, 436, 'person', 10)
33, (547, 441, 588, 564, 'person', 1)
33, (1378, 455, 1425, 592, 'person', 2)
33, (206, 535, 253, 666, 'person', 3)
33, (1733, 550, 1793, 686, 'person', 4)
33, (78, 205, 110, 282, 'person', 5)
33, (1359, 222, 1390, 307, 'person', 6)
33, (900, 179, 1037, 260, 'truck', 8)
33, (1058, 305, 1081, 353, 'person', 9)
33, (1495, 375, 1544, 436, 'person', 10)
34, (547, 441, 588, 564, 'person', 1)
34, (1378, 455, 1425, 592, 'person', 2)
34, (206, 535, 254, 666, 'person', 3)
34, (1732, 550, 1793, 686, 'person', 4)
34, (78, 205, 109, 282, 'person', 5)
34, (1359, 222, 1390, 307, 'person', 6)
34, (900, 179, 1037, 260, 'truck', 8)
34, (1058, 305, 1081, 353, 'person', 9)
34, (1495, 375, 1544, 436, 'person', 10)
35, (547, 441, 588, 564, 'person', 1)
35, (1378, 455, 1425, 592, 'person', 2)
35, (207, 536, 255, 665, 'person', 3)
35, (1733, 550, 1793, 687, 'person', 4)
35, (77, 205, 109, 283, 'person', 5)
35, (1359, 222, 1390, 307, 'person', 6)
35, (900, 179, 1037, 260, 'truck', 8)
35, (1058, 305, 1081, 353, 'person', 9)
35, (1496, 375, 1543, 436, 'person', 10)
36, (547, 441, 588, 564, 'person', 1)
36, (1378, 455, 1425, 592, 'person', 2)
36, (209, 536, 257, 664, 'person', 3)
36, (1733, 551, 1794, 687, 'person', 4)
36, (77, 205, 110, 283, 'person', 5)
36, (1358, 221, 1390, 307, 'person', 6)
36, (1058, 305, 1081, 353, 'person', 9)
36, (1496, 375, 1543, 436, 'person', 10)
37, (547, 441, 588, 564, 'person', 1)
37, (1378, 455, 1425, 592, 'person', 2)
37, (211, 534, 259, 661, 'person', 3)
37, (1732, 551, 1793, 687, 'person', 4)
37, (77, 205, 110, 283, 'person', 5)
37, (1357, 221, 1390, 307, 'person', 6)
37, (1058, 305, 1081, 353, 'person', 9)
37, (1496, 375, 1543, 436, 'person', 10)
38, (547, 441, 588, 564, 'person', 1)
38, (1378, 455, 1425, 592, 'person', 2)
38, (211, 533, 260, 661, 'person', 3)
38, (1732, 551, 1793, 687, 'person', 4)
38, (77, 206, 110, 284, 'person', 5)
38, (1357, 221, 1390, 306, 'person', 6)
38, (1058, 305, 1081, 353, 'person', 9)
38, (1496, 375, 1543, 436, 'person', 10)
39, (547, 441, 588, 564, 'person', 1)
39, (1378, 455, 1425, 592, 'person', 2)
39, (213, 531, 263, 660, 'person', 3)
39, (1733, 551, 1793, 687, 'person', 4)
39, (77, 206, 110, 284, 'person', 5)
39, (1357, 220, 1390, 306, 'person', 6)
39, (1057, 304, 1082, 352, 'person', 9)
39, (1496, 375, 1543, 436, 'person', 10)
40, (547, 441, 588, 564, 'person', 1)
40, (1378, 455, 1425, 592, 'person', 2)
40, (215, 530, 266, 659, 'person', 3)
40, (1733, 551, 1794, 687, 'person', 4)
40, (77, 206, 110, 284, 'person', 5)
40, (1357, 220, 1389, 306, 'person', 6)
40, (1057, 303, 1082, 352, 'person', 9)
40, (1496, 375, 1543, 436, 'person', 10)
41, (547, 441, 588, 564, 'person', 1)
41, (1378, 455, 1425, 592, 'person', 2)
41, (219, 529, 270, 658, 'person', 3)
41, (1733, 551, 1794, 687, 'person', 4)
41, (77, 205, 110, 283, 'person', 5)
41, (1356, 220, 1389, 305, 'person', 6)
41, (1057, 303, 1082, 352, 'person', 9)
41, (1496, 375, 1543, 436, 'person', 10)
42, (547, 441, 588, 564, 'person', 1)
42, (1378, 455, 1425, 592, 'person', 2)
42, (222, 530, 274, 657, 'person', 3)
42, (1733, 551, 1794, 687, 'person', 4)
42, (77, 204, 110, 283, 'person', 5)
42, (1356, 220, 1389, 305, 'person', 6)
42, (1057, 303, 1082, 352, 'person', 9)
42, (1496, 375, 1543, 436, 'person', 10)
43, (547, 441, 588, 564, 'person', 1)
43, (1378, 455, 1425, 593, 'person', 2)
43, (224, 530, 276, 656, 'person', 3)
43, (1733, 551, 1794, 687, 'person', 4)
43, (77, 204, 110, 283, 'person', 5)
43, (1356, 221, 1388, 305, 'person', 6)
43, (1057, 303, 1082, 352, 'person', 9)
43, (1496, 375, 1543, 436, 'person', 10)
44, (546, 441, 588, 564, 'person', 1)
44, (1378, 454, 1425, 593, 'person', 2)
44, (225, 531, 277, 655, 'person', 3)
44, (1733, 551, 1793, 687, 'person', 4)
44, (77, 203, 110, 284, 'person', 5)
44, (1356, 221, 1388, 306, 'person', 6)
44, (1057, 303, 1082, 352, 'person', 9)
44, (1496, 375, 1543, 436, 'person', 10)
45, (546, 441, 588, 564, 'person', 1)
45, (1378, 454, 1425, 593, 'person', 2)
45, (225, 532, 278, 655, 'person', 3)
45, (1732, 551, 1793, 687, 'person', 4)
45, (77, 203, 110, 284, 'person', 5)
45, (1356, 221, 1388, 306, 'person', 6)
45, (1057, 303, 1082, 352, 'person', 9)
45, (1496, 375, 1543, 436, 'person', 10)
46, (545, 441, 588, 564, 'person', 1)
46, (1378, 454, 1425, 593, 'person', 2)
46, (226, 531, 279, 651, 'person', 3)
46, (1732, 551, 1793, 687, 'person', 4)
46, (77, 203, 110, 284, 'person', 5)
46, (1357, 222, 1388, 305, 'person', 6)
46, (1057, 303, 1082, 352, 'person', 9)
46, (1497, 374, 1544, 436, 'person', 10)
47, (545, 441, 588, 564, 'person', 1)
47, (1378, 455, 1425, 592, 'person', 2)
47, (229, 530, 283, 651, 'person', 3)
47, (1732, 551, 1793, 687, 'person', 4)
47, (77, 203, 110, 284, 'person', 5)
47, (1357, 222, 1388, 305, 'person', 6)
47, (1057, 303, 1082, 352, 'person', 9)
47, (1497, 374, 1544, 437, 'person', 10)
48, (545, 441, 588, 564, 'person', 1)
48, (1378, 455, 1425, 592, 'person', 2)
48, (232, 529, 287, 653, 'person', 3)
48, (1733, 551, 1794, 687, 'person', 4)
48, (77, 203, 110, 284, 'person', 5)
48, (1357, 222, 1388, 305, 'person', 6)
48, (1057, 303, 1082, 352, 'person', 9)
48, (1496, 374, 1543, 437, 'person', 10)
49, (545, 441, 588, 564, 'person', 1)
49, (1378, 455, 1425, 592, 'person', 2)
49, (235, 529, 292, 657, 'person', 3)
49, (1732, 551, 1793, 687, 'person', 4)
49, (77, 203, 110, 284, 'person', 5)
49, (1357, 223, 1388, 306, 'person', 6)
49, (1057, 303, 1082, 352, 'person', 9)
49, (1496, 374, 1543, 437, 'person', 10)
50, (545, 442, 588, 564, 'person', 1)
50, (1378, 455, 1425, 592, 'person', 2)
50, (239, 529, 296, 652, 'person', 3)
50, (1732, 550, 1793, 687, 'person', 4)
50, (77, 203, 110, 284, 'person', 5)
50, (1357, 223, 1388, 306, 'person', 6)
50, (1057, 303, 1082, 352, 'person', 9)
50, (1496, 374, 1543, 437, 'person', 10)
51, (545, 442, 588, 564, 'person', 1)
51, (1378, 455, 1425, 592, 'person', 2)
51, (241, 529, 297, 651, 'person', 3)
51, (1732, 550, 1793, 687, 'person', 4)
51, (77, 203, 110, 284, 'person', 5)
51, (1357, 224, 1388, 305, 'person', 6)
51, (1057, 303, 1082, 352, 'person', 9)
51, (1496, 374, 1543, 437, 'person', 10)
52, (545, 443, 588, 564, 'person', 1)
52, (1378, 454, 1425, 593, 'person', 2)
52, (244, 530, 300, 649, 'person', 3)
52, (1732, 550, 1794, 687, 'person', 4)
52, (78, 203, 111, 284, 'person', 5)
52, (1356, 224, 1387, 305, 'person', 6)
52, (1057, 303, 1082, 352, 'person', 9)
52, (1497, 374, 1543, 437, 'person', 10)
53, (545, 443, 588, 565, 'person', 1)
53, (1378, 454, 1425, 593, 'person', 2)
53, (246, 530, 302, 649, 'person', 3)
53, (1733, 550, 1794, 687, 'person', 4)
53, (78, 203, 111, 283, 'person', 5)
53, (1357, 224, 1387, 305, 'person', 6)
53, (1057, 303, 1082, 352, 'person', 9)
53, (1497, 374, 1543, 437, 'person', 10)
54, (545, 443, 588, 565, 'person', 1)
54, (1378, 454, 1425, 593, 'person', 2)
54, (247, 529, 306, 650, 'person', 3)
54, (1733, 550, 1794, 687, 'person', 4)
54, (78, 203, 111, 283, 'person', 5)
54, (1357, 225, 1387, 305, 'person', 6)
54, (1057, 303, 1082, 352, 'person', 9)
54, (1497, 375, 1543, 436, 'person', 10)
55, (545, 443, 588, 565, 'person', 1)
55, (1378, 454, 1425, 593, 'person', 2)
55, (249, 528, 309, 649, 'person', 3)
55, (1733, 550, 1794, 687, 'person', 4)
55, (78, 203, 111, 283, 'person', 5)
55, (1357, 224, 1387, 305, 'person', 6)
55, (1057, 303, 1082, 352, 'person', 9)
55, (1497, 375, 1542, 436, 'person', 10)
56, (545, 443, 588, 565, 'person', 1)
56, (1378, 455, 1425, 592, 'person', 2)
56, (255, 529, 314, 648, 'person', 3)
56, (1733, 550, 1794, 687, 'person', 4)
56, (78, 203, 111, 283, 'person', 5)
56, (1357, 225, 1387, 305, 'person', 6)
56, (1057, 303, 1082, 352, 'person', 9)
56, (1497, 375, 1542, 436, 'person', 10)
57, (545, 442, 588, 564, 'person', 1)
57, (1378, 455, 1425, 592, 'person', 2)
57, (262, 528, 322, 649, 'person', 3)
57, (1733, 550, 1794, 687, 'person', 4)
57, (78, 203, 111, 283, 'person', 5)
57, (1357, 226, 1387, 305, 'person', 6)
57, (1057, 303, 1082, 352, 'person', 9)
57, (1497, 375, 1542, 436, 'person', 10)
58, (545, 442, 588, 563, 'person', 1)
58, (1378, 456, 1425, 592, 'person', 2)
58, (266, 528, 327, 651, 'person', 3)
58, (1733, 550, 1794, 687, 'person', 4)
58, (78, 203, 111, 284, 'person', 5)
58, (1357, 225, 1387, 305, 'person', 6)
58, (1057, 303, 1082, 352, 'person', 9)
58, (1497, 375, 1542, 436, 'person', 10)
59, (545, 442, 588, 563, 'person', 1)
59, (1378, 456, 1425, 591, 'person', 2)
59, (270, 528, 330, 649, 'person', 3)
59, (1733, 550, 1794, 687, 'person', 4)
59, (78, 203, 111, 284, 'person', 5)
59, (1357, 224, 1388, 305, 'person', 6)
59, (1057, 303, 1082, 352, 'person', 9)
60, (545, 442, 588, 563, 'person', 1)
60, (1378, 456, 1425, 591, 'person', 2)
60, (270, 528, 331, 649, 'person', 3)
60, (1733, 550, 1794, 687, 'person', 4)
60, (78, 203, 111, 284, 'person', 5)
60, (1357, 224, 1388, 305, 'person', 6)
60, (1057, 302, 1082, 352, 'person', 9)
61, (545, 442, 588, 563, 'person', 1)
61, (1378, 456, 1425, 591, 'person', 2)
61, (271, 528, 331, 648, 'person', 3)
61, (1733, 550, 1794, 687, 'person', 4)
61, (79, 203, 111, 284, 'person', 5)
61, (1357, 224, 1388, 305, 'person', 6)
61, (1057, 302, 1082, 353, 'person', 9)
62, (545, 442, 588, 563, 'person', 1)
62, (1378, 456, 1425, 591, 'person', 2)
62, (270, 528, 333, 650, 'person', 3)
62, (1733, 550, 1794, 687, 'person', 4)
62, (79, 203, 110, 284, 'person', 5)
62, (1357, 224, 1388, 305, 'person', 6)
62, (1057, 302, 1082, 353, 'person', 9)
63, (545, 442, 588, 563, 'person', 1)
63, (1378, 456, 1425, 591, 'person', 2)
63, (271, 527, 336, 651, 'person', 3)
63, (1733, 550, 1794, 687, 'person', 4)
63, (79, 203, 110, 284, 'person', 5)
63, (1357, 224, 1388, 305, 'person', 6)
63, (1057, 302, 1082, 353, 'person', 9)
64, (545, 442, 588, 563, 'person', 1)
64, (1378, 456, 1425, 591, 'person', 2)
64, (280, 528, 344, 648, 'person', 3)
64, (1732, 550, 1793, 687, 'person', 4)
64, (79, 203, 110, 284, 'person', 5)
64, (1357, 224, 1387, 305, 'person', 6)
64, (1057, 302, 1082, 353, 'person', 9)
65, (545, 441, 588, 563, 'person', 1)
65, (1378, 457, 1425, 591, 'person', 2)
65, (285, 527, 352, 651, 'person', 3)
65, (1732, 550, 1793, 687, 'person', 4)
65, (79, 203, 110, 284, 'person', 5)
65, (1356, 224, 1387, 305, 'person', 6)
65, (1057, 302, 1082, 353, 'person', 9)
66, (545, 441, 588, 563, 'person', 1)
66, (1378, 457, 1425, 591, 'person', 2)
66, (287, 526, 355, 652, 'person', 3)
66, (1732, 550, 1793, 687, 'person', 4)
66, (79, 203, 110, 284, 'person', 5)
66, (1356, 224, 1387, 305, 'person', 6)
66, (1057, 302, 1082, 353, 'person', 9)
67, (545, 441, 588, 563, 'person', 1)
67, (1378, 458, 1425, 591, 'person', 2)
67, (293, 525, 360, 651, 'person', 3)
67, (1732, 550, 1793, 687, 'person', 4)
67, (79, 203, 110, 284, 'person', 5)
67, (1356, 224, 1387, 305, 'person', 6)
67, (1057, 302, 1082, 352, 'person', 9)
68, (545, 441, 588, 563, 'person', 1)
68, (1379, 458, 1424, 591, 'person', 2)
68, (294, 525, 362, 650, 'person', 3)
68, (1732, 550, 1793, 687, 'person', 4)
68, (79, 203, 110, 284, 'person', 5)
68, (1356, 224, 1387, 305, 'person', 6)
68, (1057, 302, 1082, 351, 'person', 9)
69, (545, 441, 588, 563, 'person', 1)
69, (1379, 458, 1424, 591, 'person', 2)
69, (298, 525, 366, 649, 'person', 3)
69, (1732, 550, 1793, 687, 'person', 4)
69, (79, 203, 110, 284, 'person', 5)
69, (1356, 224, 1387, 305, 'person', 6)
69, (1057, 302, 1082, 352, 'person', 9)
70, (545, 441, 588, 563, 'person', 1)
70, (1378, 458, 1424, 591, 'person', 2)
70, (301, 525, 370, 651, 'person', 3)
70, (1732, 550, 1793, 687, 'person', 4)
70, (79, 203, 110, 284, 'person', 5)
70, (1356, 224, 1387, 305, 'person', 6)
70, (1057, 302, 1082, 352, 'person', 9)
71, (545, 441, 588, 563, 'person', 1)
71, (1378, 458, 1424, 591, 'person', 2)
71, (303, 527, 372, 651, 'person', 3)
71, (1732, 550, 1793, 687, 'person', 4)
71, (79, 203, 110, 284, 'person', 5)
71, (1357, 224, 1388, 305, 'person', 6)
71, (1057, 302, 1082, 352, 'person', 9)
72, (546, 441, 589, 563, 'person', 1)
72, (1378, 458, 1424, 591, 'person', 2)
72, (306, 527, 376, 650, 'person', 3)
72, (1732, 550, 1793, 687, 'person', 4)
72, (79, 203, 110, 284, 'person', 5)
72, (1356, 224, 1387, 305, 'person', 6)
72, (1057, 302, 1082, 352, 'person', 9)
73, (546, 441, 589, 563, 'person', 1)
73, (1378, 458, 1423, 591, 'person', 2)
73, (309, 527, 381, 651, 'person', 3)
73, (1732, 550, 1793, 687, 'person', 4)
73, (79, 203, 110, 284, 'person', 5)
73, (1356, 224, 1387, 305, 'person', 6)
73, (1056, 302, 1082, 353, 'person', 9)
74, (546, 441, 589, 563, 'person', 1)
74, (1378, 459, 1423, 592, 'person', 2)
74, (314, 527, 387, 652, 'person', 3)
74, (1732, 550, 1793, 687, 'person', 4)
74, (79, 203, 110, 284, 'person', 5)
74, (1356, 224, 1387, 305, 'person', 6)
74, (1056, 302, 1083, 353, 'person', 9)
75, (546, 441, 589, 563, 'person', 1)
75, (1378, 459, 1423, 592, 'person', 2)
75, (315, 527, 390, 652, 'person', 3)
75, (1732, 550, 1793, 687, 'person', 4)
75, (79, 203, 110, 284, 'person', 5)
75, (1356, 224, 1387, 305, 'person', 6)
75, (1056, 302, 1083, 353, 'person', 9)
76, (546, 441, 589, 563, 'person', 1)
76, (1378, 459, 1423, 592, 'person', 2)
76, (319, 529, 395, 653, 'person', 3)
76, (1732, 550, 1793, 687, 'person', 4)
76, (80, 203, 111, 284, 'person', 5)
76, (1356, 224, 1387, 305, 'person', 6)
76, (1056, 302, 1083, 353, 'person', 9)
77, (545, 441, 589, 563, 'person', 1)
77, (1377, 462, 1421, 592, 'person', 2)
77, (328, 528, 404, 652, 'person', 3)
77, (1732, 550, 1793, 687, 'person', 4)
77, (79, 203, 110, 284, 'person', 5)
77, (1356, 224, 1387, 305, 'person', 6)
77, (1056, 302, 1083, 352, 'person', 9)
78, (545, 441, 589, 564, 'person', 1)
78, (1376, 464, 1420, 592, 'person', 2)
78, (335, 527, 410, 649, 'person', 3)
78, (1732, 550, 1793, 687, 'person', 4)
78, (79, 204, 110, 283, 'person', 5)
78, (1356, 224, 1387, 305, 'person', 6)
78, (1056, 301, 1083, 352, 'person', 9)
79, (545, 442, 588, 564, 'person', 1)
79, (1375, 466, 1419, 592, 'person', 2)
79, (340, 529, 414, 646, 'person', 3)
79, (1732, 550, 1793, 687, 'person', 4)
79, (79, 204, 110, 283, 'person', 5)
79, (1356, 224, 1387, 306, 'person', 6)
79, (1056, 301, 1083, 352, 'person', 9)
80, (545, 441, 588, 564, 'person', 1)
80, (1374, 467, 1418, 592, 'person', 2)
80, (346, 528, 421, 642, 'person', 3)
80, (1732, 550, 1793, 687, 'person', 4)
80, (79, 204, 110, 283, 'person', 5)
80, (1356, 224, 1387, 306, 'person', 6)
80, (1056, 301, 1083, 352, 'person', 9)
81, (545, 441, 588, 564, 'person', 1)
81, (1374, 467, 1417, 593, 'person', 2)
81, (348, 528, 424, 640, 'person', 3)
81, (1732, 550, 1793, 687, 'person', 4)
81, (79, 204, 110, 283, 'person', 5)
81, (1356, 225, 1387, 306, 'person', 6)
81, (1056, 301, 1083, 352, 'person', 9)
82, (545, 441, 588, 564, 'person', 1)
82, (1375, 465, 1419, 592, 'person', 2)
82, (356, 528, 432, 639, 'person', 3)
82, (1732, 550, 1794, 687, 'person', 4)
82, (79, 204, 110, 283, 'person', 5)
82, (1355, 225, 1386, 307, 'person', 6)
82, (1057, 301, 1084, 353, 'person', 9)
83, (545, 441, 588, 564, 'person', 1)
83, (1374, 460, 1420, 593, 'person', 2)
83, (368, 529, 444, 637, 'person', 3)
83, (1732, 550, 1794, 687, 'person', 4)
83, (79, 204, 110, 283, 'person', 5)
83, (1355, 225, 1386, 307, 'person', 6)
83, (1057, 301, 1084, 353, 'person', 9)
84, (545, 441, 588, 564, 'person', 1)
84, (1373, 456, 1420, 594, 'person', 2)
84, (384, 529, 458, 636, 'person', 3)
84, (1732, 550, 1793, 687, 'person', 4)
84, (79, 204, 110, 283, 'person', 5)
84, (1355, 225, 1386, 307, 'person', 6)
84, (1057, 301, 1084, 353, 'person', 9)
85, (544, 441, 588, 564, 'person', 1)
85, (1372, 454, 1421, 594, 'person', 2)
85, (393, 531, 468, 638, 'person', 3)
85, (1732, 550, 1793, 687, 'person', 4)
85, (79, 204, 110, 283, 'person', 5)
85, (1355, 224, 1386, 306, 'person', 6)
85, (1057, 300, 1084, 353, 'person', 9)
86, (545, 441, 588, 564, 'person', 1)
86, (1372, 453, 1420, 593, 'person', 2)
86, (399, 531, 476, 639, 'person', 3)
86, (1732, 550, 1793, 687, 'person', 4)
86, (79, 204, 110, 283, 'person', 5)
86, (1355, 223, 1387, 306, 'person', 6)
86, (1057, 300, 1084, 353, 'person', 9)
87, (545, 441, 588, 564, 'person', 1)
87, (1371, 452, 1420, 593, 'person', 2)
87, (401, 531, 479, 640, 'person', 3)
87, (1732, 550, 1793, 687, 'person', 4)
87, (79, 204, 110, 283, 'person', 5)
87, (1355, 223, 1387, 306, 'person', 6)
87, (1057, 300, 1084, 353, 'person', 9)
88, (544, 441, 588, 564, 'person', 1)
88, (1370, 452, 1419, 593, 'person', 2)
88, (404, 528, 485, 640, 'person', 3)
88, (1732, 550, 1793, 687, 'person', 4)
88, (79, 204, 110, 283, 'person', 5)
88, (1355, 223, 1387, 306, 'person', 6)
88, (1057, 300, 1084, 353, 'person', 9)
89, (543, 441, 588, 564, 'person', 1)
89, (1369, 452, 1418, 592, 'person', 2)
89, (411, 527, 494, 638, 'person', 3)
89, (1732, 550, 1793, 687, 'person', 4)
89, (79, 203, 110, 284, 'person', 5)
89, (1355, 223, 1386, 306, 'person', 6)
89, (1057, 300, 1084, 353, 'person', 9)
90, (543, 441, 588, 564, 'person', 1)
90, (1367, 454, 1416, 592, 'person', 2)
90, (426, 528, 508, 638, 'person', 3)
90, (1732, 550, 1793, 687, 'person', 4)
90, (79, 203, 110, 284, 'person', 5)
90, (1355, 223, 1386, 306, 'person', 6)
90, (1057, 300, 1084, 353, 'person', 9)
91, (543, 441, 587, 564, 'person', 1)
91, (1368, 455, 1416, 594, 'person', 2)
91, (445, 527, 525, 638, 'person', 3)
91, (1732, 550, 1793, 687, 'person', 4)
91, (79, 203, 110, 284, 'person', 5)
91, (1355, 223, 1387, 306, 'person', 6)
91, (1057, 300, 1084, 353, 'person', 9)
92, (543, 440, 588, 563, 'person', 1)
92, (1366, 460, 1413, 593, 'person', 2)
92, (461, 528, 539, 637, 'person', 3)
92, (1732, 550, 1793, 687, 'person', 4)
92, (79, 203, 110, 284, 'person', 5)
92, (1355, 223, 1387, 306, 'person', 6)
92, (1057, 300, 1083, 353, 'person', 9)
93, (542, 440, 587, 564, 'person', 1)
93, (1365, 464, 1410, 592, 'person', 2)
93, (473, 532, 548, 637, 'person', 3)
93, (1732, 550, 1793, 687, 'person', 4)
93, (79, 203, 110, 284, 'person', 5)
93, (1355, 223, 1386, 306, 'person', 6)
93, (1057, 300, 1083, 353, 'person', 9)
94, (542, 441, 587, 561, 'person', 1)
94, (1365, 465, 1409, 592, 'person', 2)
94, (481, 536, 554, 638, 'person', 3)
94, (1732, 550, 1793, 687, 'person', 4)
94, (79, 203, 110, 284, 'person', 5)
94, (1354, 223, 1387, 306, 'person', 6)
94, (1057, 301, 1083, 353, 'person', 9)
95, (543, 442, 586, 557, 'person', 1)
95, (1365, 466, 1410, 593, 'person', 2)
95, (491, 534, 567, 637, 'person', 3)
95, (1732, 550, 1793, 687, 'person', 4)
95, (79, 203, 110, 284, 'person', 5)
95, (1354, 223, 1387, 306, 'person', 6)
95, (1057, 301, 1082, 352, 'person', 9)
96, (543, 442, 586, 555, 'person', 1)
96, (1364, 466, 1409, 593, 'person', 2)
96, (494, 533, 573, 637, 'person', 3)
96, (1732, 550, 1793, 687, 'person', 4)
96, (79, 203, 110, 284, 'person', 5)
96, (1354, 222, 1387, 307, 'person', 6)
96, (1057, 301, 1082, 352, 'person', 9)
97, (543, 442, 585, 554, 'person', 1)
97, (1364, 466, 1409, 593, 'person', 2)
97, (501, 533, 581, 636, 'person', 3)
97, (1732, 550, 1793, 687, 'person', 4)
97, (79, 203, 110, 284, 'person', 5)
97, (1354, 222, 1387, 307, 'person', 6)
97, (1058, 301, 1083, 353, 'person', 9)
98, (544, 442, 589, 558, 'person', 1)
98, (1363, 463, 1409, 593, 'person', 2)
98, (516, 528, 599, 637, 'person', 3)
98, (1732, 550, 1793, 687, 'person', 4)
98, (79, 203, 110, 284, 'person', 5)
98, (1354, 222, 1387, 307, 'person', 6)
98, (1058, 301, 1083, 352, 'person', 9)
99, (544, 442, 590, 560, 'person', 1)
99, (1363, 463, 1409, 593, 'person', 2)
99, (521, 526, 606, 637, 'person', 3)
99, (1732, 550, 1793, 687, 'person', 4)
99, (79, 203, 110, 284, 'person', 5)
99, (1354, 222, 1387, 307, 'person', 6)
99, (1058, 301, 1083, 352, 'person', 9)
100, (542, 442, 589, 561, 'person', 1)
100, (1363, 462, 1409, 593, 'person', 2)
100, (540, 524, 625, 639, 'person', 3)
100, (1732, 550, 1793, 687, 'person', 4)
100, (79, 203, 110, 284, 'person', 5)
100, (1355, 222, 1388, 307, 'person', 6)
100, (1058, 301, 1083, 352, 'person', 9)
101, (543, 442, 590, 563, 'person', 1)
101, (1363, 465, 1408, 593, 'person', 2)
101, (552, 518, 639, 638, 'person', 3)
101, (1732, 550, 1793, 687, 'person', 4)
101, (79, 203, 110, 284, 'person', 5)
101, (1355, 222, 1388, 307, 'person', 6)
101, (1058, 301, 1082, 352, 'person', 9)
102, (543, 441, 590, 564, 'person', 1)
102, (1362, 468, 1407, 592, 'person', 2)
102, (564, 514, 650, 634, 'person', 3)
102, (1732, 550, 1793, 687, 'person', 4)
102, (79, 203, 110, 284, 'person', 5)
102, (1355, 222, 1388, 307, 'person', 6)
102, (1058, 301, 1082, 352, 'person', 9)
103, (543, 441, 590, 564, 'person', 1)
103, (1361, 474, 1403, 590, 'person', 2)
103, (576, 515, 661, 632, 'person', 3)
103, (1732, 550, 1793, 687, 'person', 4)
103, (79, 203, 110, 284, 'person', 5)
103, (1355, 222, 1388, 307, 'person', 6)
103, (1058, 301, 1082, 352, 'person', 9)
104, (543, 441, 590, 564, 'person', 1)
104, (1362, 484, 1401, 590, 'person', 2)
104, (592, 516, 678, 630, 'person', 3)
104, (1732, 550, 1793, 687, 'person', 4)
104, (79, 203, 110, 284, 'person', 5)
104, (1355, 222, 1388, 307, 'person', 6)
104, (1058, 301, 1082, 352, 'person', 9)
105, (543, 441, 590, 564, 'person', 1)
105, (1362, 487, 1401, 590, 'person', 2)
105, (596, 516, 684, 630, 'person', 3)
105, (1732, 550, 1793, 687, 'person', 4)
105, (79, 203, 110, 284, 'person', 5)
105, (1355, 222, 1388, 307, 'person', 6)
105, (1058, 301, 1081, 352, 'person', 9)
106, (543, 441, 590, 564, 'person', 1)
106, (1360, 489, 1399, 590, 'person', 2)
106, (612, 520, 703, 633, 'person', 3)
106, (1732, 550, 1793, 687, 'person', 4)
106, (79, 203, 110, 284, 'person', 5)
106, (1355, 224, 1388, 308, 'person', 6)
106, (1058, 302, 1081, 352, 'person', 9)
107, (543, 441, 590, 564, 'person', 1)
107, (1354, 490, 1395, 592, 'person', 2)
107, (633, 522, 729, 640, 'person', 3)
107, (1731, 550, 1793, 687, 'person', 4)
107, (79, 203, 110, 284, 'person', 5)
107, (1355, 224, 1388, 308, 'person', 6)
107, (1058, 302, 1081, 353, 'person', 9)
108, (543, 441, 590, 565, 'person', 1)
108, (1351, 491, 1393, 594, 'person', 2)
108, (653, 526, 746, 641, 'person', 3)
108, (1731, 550, 1793, 687, 'person', 4)
108, (79, 203, 110, 284, 'person', 5)
108, (1355, 224, 1388, 309, 'person', 6)
108, (1058, 302, 1081, 353, 'person', 9)
109, (543, 440, 590, 565, 'person', 1)
109, (1348, 491, 1392, 596, 'person', 2)
109, (669, 527, 759, 642, 'person', 3)
109, (1732, 550, 1793, 687, 'person', 4)
109, (79, 203, 110, 284, 'person', 5)
109, (1355, 224, 1388, 308, 'person', 6)
110, (544, 440, 589, 565, 'person', 1)
110, (1345, 489, 1390, 597, 'person', 2)
110, (678, 528, 763, 640, 'person', 3)
110, (1731, 550, 1793, 687, 'person', 4)
110, (79, 203, 110, 284, 'person', 5)
110, (1355, 223, 1388, 308, 'person', 6)
111, (544, 440, 589, 565, 'person', 1)
111, (1344, 488, 1390, 597, 'person', 2)
111, (682, 528, 762, 640, 'person', 3)
111, (1732, 550, 1793, 687, 'person', 4)
111, (79, 203, 110, 284, 'person', 5)
111, (1355, 223, 1388, 308, 'person', 6)
112, (544, 440, 589, 565, 'person', 1)
112, (1340, 488, 1387, 595, 'person', 2)
112, (696, 527, 779, 641, 'person', 3)
112, (1732, 550, 1793, 687, 'person', 4)
112, (79, 203, 110, 284, 'person', 5)
112, (1355, 223, 1388, 308, 'person', 6)
112, (1058, 302, 1081, 353, 'person', 9)
112, (1496, 377, 1541, 436, 'person', 10)
113, (544, 440, 589, 565, 'person', 1)
113, (1336, 489, 1383, 593, 'person', 2)
113, (707, 528, 788, 640, 'person', 3)
113, (1732, 549, 1793, 688, 'person', 4)
113, (79, 203, 110, 284, 'person', 5)
113, (1355, 223, 1388, 308, 'person', 6)
113, (1058, 302, 1081, 353, 'person', 9)
113, (1496, 377, 1541, 436, 'person', 10)
114, (544, 440, 589, 565, 'person', 1)
114, (1329, 493, 1374, 591, 'person', 2)
114, (718, 527, 797, 639, 'person', 3)
114, (1732, 549, 1793, 688, 'person', 4)
114, (79, 203, 110, 284, 'person', 5)
114, (1356, 223, 1388, 308, 'person', 6)
114, (1057, 302, 1081, 353, 'person', 9)
115, (544, 441, 589, 564, 'person', 1)
115, (1319, 497, 1366, 591, 'person', 2)
115, (730, 523, 809, 632, 'person', 3)
115, (1732, 549, 1793, 688, 'person', 4)
115, (79, 203, 110, 284, 'person', 5)
115, (1356, 223, 1389, 308, 'person', 6)
115, (1057, 302, 1081, 353, 'person', 9)
116, (544, 442, 589, 563, 'person', 1)
116, (1316, 499, 1362, 591, 'person', 2)
116, (737, 520, 813, 629, 'person', 3)
116, (1732, 550, 1793, 687, 'person', 4)
116, (79, 203, 110, 284, 'person', 5)
116, (1356, 224, 1389, 308, 'person', 6)
116, (1057, 302, 1081, 353, 'person', 9)
117, (545, 442, 588, 563, 'person', 1)
117, (743, 517, 820, 631, 'person', 3)
117, (1732, 550, 1793, 687, 'person', 4)
117, (79, 203, 110, 284, 'person', 5)
117, (1356, 223, 1389, 308, 'person', 6)
117, (1057, 302, 1081, 353, 'person', 9)
118, (545, 442, 588, 563, 'person', 1)
118, (746, 517, 821, 632, 'person', 3)
118, (1732, 550, 1793, 687, 'person', 4)
118, (79, 203, 110, 284, 'person', 5)
118, (1356, 223, 1389, 308, 'person', 6)
118, (1057, 302, 1081, 353, 'person', 9)
119, (545, 442, 588, 564, 'person', 1)
119, (751, 515, 825, 633, 'person', 3)
119, (1733, 550, 1794, 687, 'person', 4)
119, (79, 203, 110, 284, 'person', 5)
119, (1356, 223, 1389, 308, 'person', 6)
119, (1058, 302, 1081, 353, 'person', 9)
120, (545, 443, 588, 564, 'person', 1)
120, (759, 514, 830, 633, 'person', 3)
120, (1732, 550, 1793, 687, 'person', 4)
120, (79, 203, 110, 284, 'person', 5)
120, (1357, 224, 1388, 308, 'person', 6)
120, (1058, 302, 1081, 353, 'person', 9)
121, (545, 443, 588, 564, 'person', 1)
121, (765, 514, 834, 632, 'person', 3)
121, (1732, 550, 1793, 687, 'person', 4)
121, (78, 203, 111, 284, 'person', 5)
121, (1357, 224, 1389, 309, 'person', 6)
121, (1058, 303, 1081, 352, 'person', 9)
122, (545, 443, 588, 565, 'person', 1)
122, (767, 514, 833, 632, 'person', 3)
122, (1733, 550, 1794, 687, 'person', 4)
122, (79, 204, 110, 283, 'person', 5)
122, (1356, 224, 1389, 309, 'person', 6)
122, (1058, 303, 1081, 352, 'person', 9)
123, (545, 442, 588, 564, 'person', 1)
123, (775, 511, 840, 630, 'person', 3)
123, (1733, 550, 1794, 687, 'person', 4)
123, (79, 204, 110, 283, 'person', 5)
123, (1356, 224, 1389, 309, 'person', 6)
123, (1058, 303, 1081, 352, 'person', 9)
124, (545, 442, 588, 563, 'person', 1)
124, (782, 510, 846, 629, 'person', 3)
124, (1733, 550, 1794, 687, 'person', 4)
124, (79, 204, 110, 283, 'person', 5)
124, (1356, 224, 1389, 310, 'person', 6)
124, (1058, 303, 1081, 352, 'person', 9)
125, (545, 442, 588, 564, 'person', 1)
125, (790, 509, 853, 629, 'person', 3)
125, (1733, 550, 1794, 687, 'person', 4)
125, (79, 204, 110, 283, 'person', 5)
125, (1357, 224, 1389, 309, 'person', 6)
125, (1058, 303, 1081, 352, 'person', 9)
126, (545, 442, 588, 564, 'person', 1)
126, (799, 509, 861, 631, 'person', 3)
126, (1732, 550, 1794, 688, 'person', 4)
126, (78, 204, 110, 283, 'person', 5)
126, (1357, 224, 1389, 309, 'person', 6)
126, (1058, 303, 1081, 352, 'person', 9)
127, (544, 442, 588, 564, 'person', 1)
127, (809, 509, 872, 633, 'person', 3)
127, (1732, 550, 1794, 688, 'person', 4)
127, (78, 204, 109, 283, 'person', 5)
127, (1356, 224, 1388, 309, 'person', 6)
127, (1057, 302, 1082, 353, 'person', 9)
128, (544, 441, 588, 565, 'person', 1)
128, (817, 510, 880, 634, 'person', 3)
128, (1733, 551, 1794, 687, 'person', 4)
128, (78, 203, 110, 282, 'person', 5)
128, (1356, 223, 1387, 308, 'person', 6)
128, (1058, 303, 1081, 352, 'person', 9)
129, (544, 441, 588, 565, 'person', 1)
129, (821, 510, 884, 634, 'person', 3)
129, (1732, 551, 1793, 687, 'person', 4)
129, (79, 203, 110, 282, 'person', 5)
129, (1356, 224, 1387, 308, 'person', 6)
129, (1058, 303, 1081, 352, 'person', 9)
130, (544, 441, 588, 566, 'person', 1)
130, (829, 510, 892, 633, 'person', 3)
130, (1733, 550, 1794, 687, 'person', 4)
130, (78, 203, 110, 282, 'person', 5)
130, (1356, 225, 1387, 309, 'person', 6)
130, (1057, 303, 1081, 353, 'person', 9)
131, (543, 441, 588, 566, 'person', 1)
131, (837, 510, 901, 633, 'person', 3)
131, (1732, 550, 1793, 687, 'person', 4)
131, (78, 203, 110, 282, 'person', 5)
131, (1356, 225, 1387, 309, 'person', 6)
131, (1057, 303, 1081, 353, 'person', 9)
132, (543, 441, 588, 566, 'person', 1)
132, (840, 510, 904, 633, 'person', 3)
132, (1732, 550, 1793, 687, 'person', 4)
132, (78, 203, 110, 282, 'person', 5)
132, (1356, 225, 1387, 309, 'person', 6)
132, (1056, 304, 1081, 353, 'person', 9)
133, (543, 441, 588, 566, 'person', 1)
133, (844, 510, 908, 633, 'person', 3)
133, (1732, 550, 1793, 687, 'person', 4)
133, (78, 203, 111, 282, 'person', 5)
133, (1356, 225, 1387, 309, 'person', 6)
133, (1057, 304, 1081, 354, 'person', 9)
134, (543, 441, 588, 566, 'person', 1)
134, (850, 510, 913, 632, 'person', 3)
134, (1732, 551, 1793, 687, 'person', 4)
134, (78, 203, 110, 282, 'person', 5)
134, (1356, 224, 1387, 309, 'person', 6)
134, (1056, 303, 1081, 353, 'person', 9)
135, (544, 442, 588, 565, 'person', 1)
135, (855, 511, 916, 633, 'person', 3)
135, (1732, 552, 1793, 688, 'person', 4)
135, (78, 204, 110, 282, 'person', 5)
135, (1357, 226, 1387, 310, 'person', 6)
135, (1056, 302, 1081, 353, 'person', 9)
136, (543, 441, 588, 566, 'person', 1)
136, (860, 508, 920, 632, 'person', 3)
136, (1732, 551, 1793, 688, 'person', 4)
136, (78, 204, 110, 282, 'person', 5)
136, (1356, 227, 1387, 310, 'person', 6)
136, (1056, 302, 1081, 353, 'person', 9)
136, (1201, 523, 1261, 575, 'person', 13)
137, (543, 441, 588, 566, 'person', 1)
137, (863, 504, 923, 631, 'person', 3)
137, (1732, 551, 1793, 687, 'person', 4)
137, (77, 203, 110, 282, 'person', 5)
137, (1356, 225, 1387, 308, 'person', 6)
137, (1056, 303, 1080, 353, 'person', 9)
137, (1195, 518, 1259, 573, 'person', 13)
138, (543, 441, 588, 566, 'person', 1)
138, (865, 504, 923, 631, 'person', 3)
138, (1732, 550, 1793, 687, 'person', 4)
138, (77, 203, 110, 282, 'person', 5)
138, (1356, 224, 1387, 307, 'person', 6)
138, (1057, 303, 1080, 353, 'person', 9)
138, (1194, 517, 1258, 572, 'person', 13)
139, (543, 441, 588, 566, 'person', 1)
139, (869, 503, 925, 632, 'person', 3)
139, (1732, 551, 1793, 687, 'person', 4)
139, (78, 203, 110, 282, 'person', 5)
139, (1356, 225, 1387, 308, 'person', 6)
139, (1057, 303, 1080, 353, 'person', 9)
139, (1192, 514, 1257, 571, 'person', 13)
140, (543, 441, 588, 566, 'person', 1)
140, (1204, 514, 1239, 574, 'person', 2)
140, (876, 503, 933, 635, 'person', 3)
140, (1733, 552, 1792, 687, 'person', 4)
140, (77, 203, 110, 282, 'person', 5)
140, (1356, 226, 1387, 309, 'person', 6)
140, (1057, 302, 1080, 353, 'person', 9)
140, (1190, 512, 1257, 571, 'person', 13)
141, (543, 441, 588, 566, 'person', 1)
141, (1200, 513, 1239, 576, 'person', 2)
141, (880, 504, 938, 640, 'person', 3)
141, (1733, 552, 1793, 687, 'person', 4)
141, (77, 203, 110, 282, 'person', 5)
141, (1356, 226, 1387, 309, 'person', 6)
141, (1057, 302, 1080, 353, 'person', 9)
142, (543, 441, 588, 566, 'person', 1)
142, (1198, 512, 1239, 576, 'person', 2)
142, (881, 504, 940, 642, 'person', 3)
142, (1734, 552, 1793, 687, 'person', 4)
142, (77, 203, 110, 282, 'person', 5)
142, (1356, 226, 1387, 309, 'person', 6)
142, (1057, 302, 1080, 353, 'person', 9)
142, (1813, 434, 1854, 526, 'person', 14)
143, (543, 440, 588, 567, 'person', 1)
143, (1196, 509, 1242, 578, 'person', 2)
143, (884, 504, 943, 646, 'person', 3)
143, (1734, 552, 1793, 687, 'person', 4)
143, (78, 203, 111, 283, 'person', 5)
143, (1356, 226, 1387, 309, 'person', 6)
143, (1057, 303, 1080, 353, 'person', 9)
143, (1813, 434, 1854, 526, 'person', 14)
144, (543, 440, 588, 567, 'person', 1)
144, (1192, 506, 1241, 578, 'person', 2)
144, (886, 508, 945, 649, 'person', 3)
144, (1734, 552, 1793, 687, 'person', 4)
144, (78, 203, 111, 283, 'person', 5)
144, (1356, 226, 1387, 309, 'person', 6)
144, (1057, 303, 1080, 352, 'person', 9)
145, (543, 441, 588, 566, 'person', 1)
145, (1189, 507, 1238, 578, 'person', 2)
145, (890, 513, 947, 650, 'person', 3)
145, (1733, 552, 1793, 687, 'person', 4)
145, (77, 203, 110, 283, 'person', 5)
145, (1356, 226, 1387, 309, 'person', 6)
145, (1057, 303, 1080, 353, 'person', 9)
146, (543, 441, 588, 566, 'person', 1)
146, (1186, 507, 1235, 578, 'person', 2)
146, (892, 517, 949, 651, 'person', 3)
146, (1733, 551, 1793, 687, 'person', 4)
146, (77, 204, 110, 284, 'person', 5)
146, (1356, 226, 1387, 309, 'person', 6)
146, (1057, 303, 1080, 353, 'person', 9)
147, (543, 441, 588, 566, 'person', 1)
147, (1183, 501, 1234, 577, 'person', 2)
147, (894, 519, 949, 650, 'person', 3)
147, (1733, 550, 1794, 687, 'person', 4)
147, (77, 204, 110, 284, 'person', 5)
147, (1356, 226, 1387, 309, 'person', 6)
147, (1057, 304, 1080, 353, 'person', 9)
148, (543, 439, 588, 566, 'person', 1)
148, (1181, 498, 1234, 577, 'person', 2)
148, (897, 521, 951, 650, 'person', 3)
148, (1733, 550, 1794, 687, 'person', 4)
148, (77, 204, 110, 283, 'person', 5)
148, (1356, 226, 1387, 309, 'person', 6)
148, (1057, 304, 1080, 354, 'person', 9)
149, (543, 439, 588, 566, 'person', 1)
149, (1181, 497, 1233, 576, 'person', 2)
149, (898, 521, 952, 649, 'person', 3)
149, (1733, 550, 1794, 687, 'person', 4)
149, (77, 204, 110, 283, 'person', 5)
149, (1356, 226, 1387, 309, 'person', 6)
149, (1057, 304, 1080, 354, 'person', 9)
150, (543, 439, 588, 566, 'person', 1)
150, (1180, 495, 1232, 576, 'person', 2)
150, (899, 522, 953, 649, 'person', 3)
150, (1733, 550, 1794, 687, 'person', 4)
150, (78, 205, 110, 283, 'person', 5)
150, (1357, 226, 1388, 309, 'person', 6)
150, (1058, 305, 1081, 354, 'person', 9)
150, (1815, 436, 1854, 525, 'person', 14)
151, (544, 439, 589, 566, 'person', 1)
151, (1180, 494, 1231, 575, 'person', 2)
151, (901, 522, 954, 649, 'person', 3)
151, (1733, 550, 1794, 687, 'person', 4)
151, (77, 204, 110, 283, 'person', 5)
151, (1357, 226, 1388, 309, 'person', 6)
151, (1058, 305, 1081, 353, 'person', 9)
151, (1815, 436, 1854, 524, 'person', 14)
152, (543, 439, 588, 566, 'person', 1)
152, (1179, 494, 1229, 575, 'person', 2)
152, (902, 523, 955, 650, 'person', 3)
152, (1734, 554, 1793, 687, 'person', 4)
152, (77, 204, 110, 285, 'person', 5)
152, (1356, 226, 1387, 310, 'person', 6)
152, (1059, 304, 1081, 350, 'person', 9)
152, (1816, 436, 1854, 524, 'person', 14)
153, (543, 439, 588, 566, 'person', 1)
153, (1179, 493, 1228, 575, 'person', 2)
153, (902, 524, 956, 650, 'person', 3)
153, (1733, 560, 1791, 688, 'person', 4)
153, (77, 204, 110, 285, 'person', 5)
153, (1356, 226, 1387, 310, 'person', 6)
153, (1059, 304, 1080, 349, 'person', 9)
154, (543, 440, 589, 566, 'person', 1)
154, (1178, 493, 1227, 575, 'person', 2)
154, (904, 523, 958, 649, 'person', 3)
154, (1733, 557, 1792, 687, 'person', 4)
154, (77, 204, 110, 286, 'person', 5)
154, (1356, 225, 1388, 309, 'person', 6)
154, (1059, 304, 1081, 349, 'person', 9)
155, (543, 440, 589, 566, 'person', 1)
155, (1176, 493, 1224, 574, 'person', 2)
155, (904, 523, 959, 648, 'person', 3)
155, (1734, 561, 1791, 688, 'person', 4)
155, (77, 204, 110, 286, 'person', 5)
155, (1356, 225, 1387, 309, 'person', 6)
155, (1059, 305, 1081, 349, 'person', 9)
156, (542, 440, 589, 566, 'person', 1)
156, (1176, 493, 1223, 574, 'person', 2)
156, (904, 523, 959, 648, 'person', 3)
156, (1734, 563, 1791, 688, 'person', 4)
156, (77, 203, 110, 286, 'person', 5)
156, (1356, 225, 1387, 308, 'person', 6)
156, (1059, 305, 1082, 349, 'person', 9)
157, (542, 441, 588, 566, 'person', 1)
157, (1174, 492, 1221, 573, 'person', 2)
157, (904, 523, 960, 648, 'person', 3)
157, (1733, 559, 1792, 688, 'person', 4)
157, (77, 203, 110, 286, 'person', 5)
157, (1356, 225, 1387, 309, 'person', 6)
157, (1059, 306, 1082, 349, 'person', 9)
158, (541, 441, 587, 566, 'person', 1)
158, (1171, 489, 1219, 572, 'person', 2)
158, (905, 524, 961, 648, 'person', 3)
158, (1734, 562, 1791, 688, 'person', 4)
158, (77, 203, 110, 286, 'person', 5)
158, (1356, 225, 1387, 309, 'person', 6)
158, (1059, 305, 1082, 349, 'person', 9)
158, (1816, 434, 1853, 521, 'person', 14)
159, (540, 441, 587, 566, 'person', 1)
159, (1170, 488, 1218, 572, 'person', 2)
159, (906, 524, 961, 647, 'person', 3)
159, (1734, 564, 1791, 688, 'person', 4)
159, (77, 203, 110, 286, 'person', 5)
159, (1356, 225, 1387, 309, 'person', 6)
159, (1059, 304, 1082, 349, 'person', 9)
159, (1816, 434, 1853, 521, 'person', 14)
160, (540, 442, 587, 566, 'person', 1)
160, (1170, 488, 1218, 572, 'person', 2)
160, (906, 525, 961, 647, 'person', 3)
160, (1734, 565, 1791, 689, 'person', 4)
160, (77, 203, 110, 286, 'person', 5)
160, (1356, 225, 1387, 310, 'person', 6)
160, (1059, 304, 1082, 349, 'person', 9)
160, (1816, 434, 1853, 521, 'person', 14)
161, (539, 441, 587, 565, 'person', 1)
161, (1169, 488, 1217, 575, 'person', 2)
161, (904, 524, 959, 646, 'person', 3)
161, (1733, 559, 1792, 688, 'person', 4)
161, (77, 203, 110, 286, 'person', 5)
161, (1357, 226, 1388, 309, 'person', 6)
161, (1059, 305, 1082, 349, 'person', 9)
161, (1816, 435, 1853, 520, 'person', 14)
162, (538, 440, 587, 565, 'person', 1)
162, (1168, 490, 1215, 576, 'person', 2)
162, (902, 525, 957, 647, 'person', 3)
162, (1732, 556, 1793, 687, 'person', 4)
162, (78, 204, 109, 285, 'person', 5)
162, (1357, 227, 1388, 308, 'person', 6)
162, (1059, 305, 1082, 349, 'person', 9)
162, (1816, 436, 1853, 520, 'person', 14)
163, (537, 440, 587, 565, 'person', 1)
163, (1167, 492, 1214, 576, 'person', 2)
163, (900, 527, 955, 649, 'person', 3)
163, (1732, 554, 1793, 687, 'person', 4)
163, (77, 204, 110, 285, 'person', 5)
163, (1357, 226, 1388, 307, 'person', 6)
163, (1059, 305, 1082, 350, 'person', 9)
163, (1816, 436, 1853, 520, 'person', 14)
164, (537, 440, 588, 565, 'person', 1)
164, (1164, 490, 1211, 575, 'person', 2)
164, (900, 529, 954, 649, 'person', 3)
164, (1732, 555, 1793, 687, 'person', 4)
164, (78, 204, 109, 285, 'person', 5)
164, (1358, 225, 1387, 306, 'person', 6)
164, (1058, 305, 1083, 350, 'person', 9)
165, (537, 440, 588, 565, 'person', 1)
165, (1164, 491, 1210, 575, 'person', 2)
165, (900, 529, 953, 650, 'person', 3)
165, (1732, 555, 1793, 687, 'person', 4)
165, (78, 204, 109, 285, 'person', 5)
165, (1358, 225, 1387, 306, 'person', 6)
165, (1058, 305, 1083, 350, 'person', 9)
166, (537, 441, 588, 565, 'person', 1)
166, (1164, 492, 1210, 575, 'person', 2)
166, (898, 532, 952, 656, 'person', 3)
166, (1732, 556, 1793, 687, 'person', 4)
166, (78, 204, 109, 285, 'person', 5)
166, (1358, 225, 1387, 306, 'person', 6)
166, (1058, 305, 1083, 350, 'person', 9)
167, (537, 441, 588, 565, 'person', 1)
167, (1164, 494, 1208, 575, 'person', 2)
167, (898, 534, 951, 657, 'person', 3)
167, (1733, 560, 1792, 688, 'person', 4)
167, (78, 204, 109, 285, 'person', 5)
167, (1357, 226, 1387, 306, 'person', 6)
167, (1058, 305, 1083, 351, 'person', 9)
168, (537, 441, 588, 565, 'person', 1)
168, (1163, 495, 1206, 574, 'person', 2)
168, (896, 535, 948, 658, 'person', 3)
168, (1733, 557, 1793, 687, 'person', 4)
168, (78, 204, 109, 285, 'person', 5)
168, (1357, 226, 1386, 306, 'person', 6)
168, (1058, 305, 1083, 351, 'person', 9)
169, (536, 442, 588, 565, 'person', 1)
169, (1163, 495, 1205, 574, 'person', 2)
169, (896, 535, 947, 659, 'person', 3)
169, (1733, 557, 1794, 687, 'person', 4)
169, (78, 204, 109, 285, 'person', 5)
169, (1357, 226, 1386, 306, 'person', 6)
169, (1058, 304, 1083, 351, 'person', 9)
170, (536, 443, 588, 565, 'person', 1)
170, (1162, 505, 1199, 570, 'person', 2)
170, (894, 533, 945, 659, 'person', 3)
170, (1733, 556, 1794, 687, 'person', 4)
170, (78, 204, 109, 285, 'person', 5)
170, (1357, 226, 1386, 306, 'person', 6)
170, (1059, 304, 1084, 351, 'person', 9)
171, (536, 443, 589, 566, 'person', 1)
171, (1162, 509, 1197, 569, 'person', 2)
171, (893, 533, 944, 659, 'person', 3)
171, (1733, 556, 1794, 687, 'person', 4)
171, (78, 204, 109, 285, 'person', 5)
171, (1357, 225, 1386, 306, 'person', 6)
171, (1059, 304, 1084, 351, 'person', 9)
172, (536, 444, 589, 565, 'person', 1)
172, (1162, 515, 1195, 568, 'person', 2)
172, (892, 533, 942, 660, 'person', 3)
172, (1733, 559, 1793, 688, 'person', 4)
172, (78, 204, 109, 285, 'person', 5)
172, (1357, 225, 1386, 306, 'person', 6)
172, (1058, 304, 1083, 350, 'person', 9)
173, (536, 444, 589, 565, 'person', 1)
173, (1161, 515, 1194, 568, 'person', 2)
173, (891, 534, 941, 659, 'person', 3)
173, (1733, 560, 1792, 688, 'person', 4)
173, (78, 204, 109, 285, 'person', 5)
173, (1357, 225, 1386, 306, 'person', 6)
173, (1058, 303, 1082, 350, 'person', 9)
174, (536, 445, 589, 565, 'person', 1)
174, (1159, 515, 1193, 567, 'person', 2)
174, (889, 534, 939, 658, 'person', 3)
174, (1733, 562, 1792, 688, 'person', 4)
174, (78, 204, 109, 285, 'person', 5)
174, (1357, 225, 1386, 306, 'person', 6)
174, (1057, 303, 1082, 350, 'person', 9)
175, (537, 446, 589, 565, 'person', 1)
175, (1157, 517, 1191, 567, 'person', 2)
175, (888, 533, 938, 661, 'person', 3)
175, (1733, 562, 1792, 688, 'person', 4)
175, (78, 204, 109, 285, 'person', 5)
175, (1357, 225, 1386, 306, 'person', 6)
175, (1057, 303, 1082, 350, 'person', 9)
176, (537, 446, 589, 565, 'person', 1)
176, (1153, 516, 1188, 566, 'person', 2)
176, (885, 534, 936, 663, 'person', 3)
176, (1733, 563, 1792, 689, 'person', 4)
176, (78, 204, 109, 285, 'person', 5)
176, (1357, 225, 1386, 306, 'person', 6)
176, (1057, 303, 1081, 350, 'person', 9)
177, (536, 446, 589, 565, 'person', 1)
177, (1152, 516, 1187, 566, 'person', 2)
177, (884, 534, 935, 663, 'person', 3)
177, (1733, 563, 1792, 689, 'person', 4)
177, (78, 204, 109, 285, 'person', 5)
177, (1357, 225, 1386, 306, 'person', 6)
177, (1058, 303, 1081, 349, 'person', 9)
178, (537, 446, 589, 565, 'person', 1)
178, (1149, 516, 1184, 564, 'person', 2)
178, (879, 534, 933, 666, 'person', 3)
178, (1733, 563, 1792, 689, 'person', 4)
178, (77, 204, 110, 285, 'person', 5)
178, (1357, 225, 1386, 306, 'person', 6)
178, (1058, 303, 1081, 349, 'person', 9)
179, (536, 446, 589, 565, 'person', 1)
179, (1148, 516, 1182, 564, 'person', 2)
179, (874, 534, 931, 669, 'person', 3)
179, (1732, 563, 1791, 689, 'person', 4)
179, (77, 204, 110, 285, 'person', 5)
179, (1357, 225, 1386, 306, 'person', 6)
179, (1058, 303, 1081, 349, 'person', 9)
180, (536, 446, 589, 565, 'person', 1)
180, (872, 531, 931, 671, 'person', 3)
180, (1732, 563, 1791, 689, 'person', 4)
180, (77, 204, 110, 285, 'person', 5)
180, (1357, 225, 1386, 306, 'person', 6)
180, (1058, 303, 1081, 349, 'person', 9)
181, (536, 446, 589, 565, 'person', 1)
181, (871, 531, 931, 671, 'person', 3)
181, (1732, 563, 1791, 689, 'person', 4)
181, (77, 204, 110, 285, 'person', 5)
181, (1357, 225, 1386, 306, 'person', 6)
181, (1058, 303, 1081, 349, 'person', 9)
182, (540, 447, 592, 564, 'person', 1)
182, (870, 534, 928, 668, 'person', 3)
182, (1733, 562, 1792, 688, 'person', 4)
182, (77, 204, 110, 285, 'person', 5)
182, (1357, 225, 1386, 306, 'person', 6)
182, (1058, 303, 1081, 349, 'person', 9)
183, (542, 447, 592, 564, 'person', 1)
183, (869, 535, 927, 666, 'person', 3)
183, (1733, 562, 1792, 687, 'person', 4)
183, (77, 204, 110, 285, 'person', 5)
183, (1357, 225, 1386, 306, 'person', 6)
183, (1058, 303, 1081, 349, 'person', 9)
184, (542, 447, 593, 565, 'person', 1)
184, (866, 536, 924, 666, 'person', 3)
184, (1733, 562, 1792, 688, 'person', 4)
184, (77, 204, 110, 285, 'person', 5)
184, (1357, 225, 1386, 306, 'person', 6)
184, (1058, 304, 1082, 350, 'person', 9)
185, (543, 447, 593, 565, 'person', 1)
185, (863, 536, 921, 665, 'person', 3)
185, (1733, 563, 1792, 688, 'person', 4)
185, (77, 204, 110, 285, 'person', 5)
185, (1357, 225, 1386, 306, 'person', 6)
185, (1059, 305, 1082, 350, 'person', 9)
186, (543, 447, 592, 565, 'person', 1)
186, (859, 536, 917, 666, 'person', 3)
186, (1733, 563, 1791, 688, 'person', 4)
186, (77, 204, 110, 285, 'person', 5)
186, (1357, 225, 1386, 306, 'person', 6)
186, (1059, 305, 1082, 350, 'person', 9)
187, (544, 447, 592, 565, 'person', 1)
187, (856, 536, 914, 666, 'person', 3)
187, (1732, 563, 1791, 689, 'person', 4)
187, (77, 204, 110, 285, 'person', 5)
187, (1357, 225, 1386, 306, 'person', 6)
187, (1058, 305, 1083, 350, 'person', 9)
188, (544, 447, 591, 565, 'person', 1)
188, (851, 536, 907, 665, 'person', 3)
188, (1733, 563, 1791, 688, 'person', 4)
188, (77, 204, 110, 285, 'person', 5)
188, (1357, 225, 1386, 306, 'person', 6)
188, (1058, 305, 1083, 351, 'person', 9)
188, (898, 180, 1037, 262, 'car', 15)
189, (544, 447, 591, 565, 'person', 1)
189, (847, 536, 901, 666, 'person', 3)
189, (1733, 563, 1791, 688, 'person', 4)
189, (77, 204, 110, 285, 'person', 5)
189, (1357, 225, 1386, 306, 'person', 6)
189, (1058, 305, 1083, 351, 'person', 9)
189, (898, 180, 1037, 262, 'car', 15)
190, (544, 445, 591, 565, 'person', 1)
190, (844, 536, 896, 665, 'person', 3)
190, (1733, 563, 1791, 688, 'person', 4)
190, (77, 204, 110, 285, 'person', 5)
190, (1357, 225, 1386, 306, 'person', 6)
190, (1058, 305, 1083, 350, 'person', 9)
191, (544, 443, 592, 565, 'person', 1)
191, (841, 537, 892, 664, 'person', 3)
191, (1733, 563, 1792, 688, 'person', 4)
191, (77, 204, 110, 285, 'person', 5)
191, (1357, 225, 1386, 306, 'person', 6)
191, (1058, 305, 1083, 350, 'person', 9)
192, (543, 442, 591, 565, 'person', 1)
192, (840, 536, 891, 668, 'person', 3)
192, (1734, 563, 1792, 688, 'person', 4)
192, (77, 204, 110, 285, 'person', 5)
192, (1357, 225, 1386, 306, 'person', 6)
192, (1059, 304, 1084, 351, 'person', 9)
193, (543, 441, 591, 565, 'person', 1)
193, (838, 537, 890, 670, 'person', 3)
193, (1734, 563, 1792, 688, 'person', 4)
193, (77, 204, 110, 285, 'person', 5)
193, (1357, 225, 1386, 306, 'person', 6)
193, (1059, 305, 1084, 350, 'person', 9)
194, (544, 441, 591, 566, 'person', 1)
194, (833, 536, 886, 669, 'person', 3)
194, (1734, 563, 1791, 688, 'person', 4)
194, (77, 204, 110, 285, 'person', 5)
194, (1357, 225, 1386, 306, 'person', 6)
194, (1059, 305, 1084, 350, 'person', 9)
195, (544, 441, 591, 566, 'person', 1)
195, (831, 535, 885, 668, 'person', 3)
195, (1734, 563, 1791, 688, 'person', 4)
195, (77, 204, 110, 285, 'person', 5)
195, (1357, 225, 1386, 306, 'person', 6)
195, (1059, 305, 1084, 350, 'person', 9)
196, (543, 441, 590, 566, 'person', 1)
196, (829, 536, 882, 668, 'person', 3)
196, (1734, 564, 1791, 687, 'person', 4)
196, (77, 204, 110, 285, 'person', 5)
196, (1357, 225, 1386, 306, 'person', 6)
196, (1059, 305, 1084, 350, 'person', 9)
197, (543, 440, 590, 565, 'person', 1)
197, (827, 538, 881, 670, 'person', 3)
197, (1734, 564, 1791, 687, 'person', 4)
197, (77, 204, 110, 285, 'person', 5)
197, (1357, 225, 1386, 306, 'person', 6)
197, (1059, 305, 1084, 350, 'person', 9)
198, (543, 441, 590, 565, 'person', 1)
198, (823, 536, 878, 670, 'person', 3)
198, (1734, 564, 1791, 687, 'person', 4)
198, (77, 204, 110, 285, 'person', 5)
198, (1357, 225, 1386, 306, 'person', 6)
198, (1059, 304, 1084, 350, 'person', 9)
199, (543, 441, 590, 565, 'person', 1)
199, (1117, 521, 1152, 566, 'person', 2)
199, (821, 537, 876, 669, 'person', 3)
199, (1734, 563, 1791, 688, 'person', 4)
199, (77, 204, 110, 285, 'person', 5)
199, (1357, 225, 1386, 306, 'person', 6)
199, (1059, 303, 1084, 350, 'person', 9)
200, (544, 441, 590, 565, 'person', 1)
200, (1114, 519, 1152, 566, 'person', 2)
200, (819, 539, 872, 669, 'person', 3)
200, (1733, 563, 1791, 688, 'person', 4)
200, (77, 204, 110, 285, 'person', 5)
200, (1357, 225, 1386, 307, 'person', 6)
200, (1059, 303, 1084, 350, 'person', 9)
